23
4
1
55555555555555555555
1111111111111111111
11111111111111111111111111111111111
111111111111111111111111122222
11111111111111111111111111111111111222222222222222222
11111222222222222222222222222222
1111111111111112222222222222223333
111111111111111111112222222222222222222233333
11111111112222222222222222222233333333333333
333333333333333333333333333333
222222222222222222222222222222222222222222222222222222222222222222222222222222222222222222222222222222
111111222222222222333333333333444
222222222222222333333333344444
222222222222222222222222222222222222222222222222223333333333333333333333
11111111111111111111111111111111111111111111111112222222222222223333333333444444444
11111111111111111111222222222222222333333333333444444444455555
333333333333333333333333333333333333333344444444
4444444444444444444444443333333333333333333333
444444444444444444444444444444444444444444444444444444444444444444444444444444444444444444444
414141414141414141414141414141414141414141414141414141414141414141414141414141
55445544554455445544
4444444444444444444444444444444444444444555555555555555555555555555555555555
555555555555555555555555555555555555555555555555555555555555555555555555555555555555555555555555555555555
45454545454545454545454545454545454545454545454545454545454545454545454545454545454545454545454545454545454545
